# Created by Octave 4.4.0, Fri Jun 08 23:08:40 2018 GMT <unknown@LAPTOP-7UN1LJ1P>
# name: J_history
# type: matrix
# rows: 1500
# columns: 1
 6.7371904648700118
 5.9315935686049572
 5.9011547070813872
 5.8952285864442198
 5.8900949431173331
 5.8850041584436461
 5.8799324804914157
 5.8748790947625746
 5.8698439118063845
 5.8648268653129296
 5.8598278899321805
 5.8548469205722897
 5.8498838923765852
 5.8449387407220348
 5.8400114012183648
 5.8351018097072282
 5.8302099022613891
 5.8253356151838656
 5.8204788850070992
 5.8156396484921515
 5.8108178426278689
 5.8060134046300416
 5.8012262719406271
 5.7964563822268982
 5.7917036733806517
 5.7869680835173973
 5.7822495509755392
 5.7775480143155971
 5.7728634123193805
 5.7681956839892123
 5.7635447685471197
 5.758910605434048
 5.7542931343090773
 5.7496922950486296
 5.7451080277456859
 5.7405402727090138
 5.7359889704623841
 5.7314540617437935
 5.7269354875047025
 5.7224331889092586
 5.7179471073335266
 5.7134771843647476
 5.709023361800547
 5.7045855816481978
 5.7001637861238512
 5.6957579176518154
 5.6913679188637509
 5.6869937325979825
 5.6826353018987046
 5.6782925700152926
 5.6739654804015052
 5.6696539767147955
 5.6653580028155517
 5.6610775027663829
 5.6568124208313577
 5.6525627014753335
 5.6483282893631834
 5.6441091293590935
 5.6399051665258559
 5.6357163461241342
 5.6315426136117726
 5.6273839146430529
 5.6232401950680257
 5.6191114009317795
 5.6149974784737404
 5.6108983741269842
 5.6068140345175301
 5.6027444064636525
 5.5986894369751594
 5.5946490732527581
 5.5906232626873233
 5.5866119528592169
 5.5826150915376207
 5.5786326266798518
 5.5746645064306772
 5.5707106791216443
 5.566771093270404
 5.5628456975800473
 5.5589344409384429
 5.5550372724175414
 5.5511541412727547
 5.5472849969422562
 5.5434297890463489
 5.5395884673868077
 5.5357609819462033
 5.5319472828872733
 5.5281473205522706
 5.5243610454623067
 5.5205884083167129
 5.5168293599924008
 5.5130838515432226
 5.5093518341993342
 5.5056332593665385
 5.5019280786256992
 5.4982362437320624
 5.4945577066146649
 5.4908924193756778
 5.4872403342898073
 5.483601403803652
 5.4799755805351111
 5.476362817272741
 5.4727630669751521
 5.4691762827703982
 5.465602417955358
 5.462041425995138
 5.4584932605224585
 5.4549578753370467
 5.4514352244050537
 5.4479252618584253
 5.4444279419943342
 5.4409432192745681
 5.4374710483249311
 5.4340113839346866
 5.4305641810559209
 5.4271293948029875
 5.4237069804519171
 5.4202968934398372
 5.4168990893643807
 5.4135135239831227
 5.4101401532129856
 5.4067789331296945
 5.4034298199671653
 5.4000927701169745
 5.3967677401277685
 5.3934546867046977
 5.3901535667088636
 5.386864337156748
 5.3835869552196618
 5.3803213782231767
 5.377067563646583
 5.3738254691223153
 5.3705950524354282
 5.3673762715230238
 5.3641690844737102
 5.3609734495270676
 5.3577893250730826
 5.3546166696516329
 5.3514554419519129
 5.3483056008119432
 5.345167105217981
 5.3420399143040296
 5.3389239873512837
 5.3358192837876031
 5.3327257631869864
 5.3296433852690548
 5.3265721098984988
 5.3235118970845887
 5.3204627069806287
 5.3174244998834617
 5.3143972362329244
 5.3113808766113566
 5.3083753817430717
 5.3053807124938617
 5.3023968298704647
 5.2994236950200815
 5.2964612692298498
 5.2935095139263604
 5.2905683906751264
 5.2876378611801194
 5.2847178872832297
 5.281808430963812
 5.2789094543381516
 5.2760209196590013
 5.2731427893150711
 5.2702750258305446
 5.2674175918645911
 5.264570450210889
 5.2617335637971081
 5.2589068956844836
 5.2560904090672738
 5.2532840672723236
 5.2504878337585641
 5.2477016721165537
 5.2449255460679964
 5.2421594194652528
 5.2394032562909025
 5.2366570206572494
 5.2339206768058686
 5.2311941891071276
 5.2284775220597366
 5.2257706402902668
 5.2230735085527273
 5.2203860917280549
 5.2177083548236967
 5.2150402629731367
 5.2123817814354494
 5.2097328755948427
 5.207093510960207
 5.2044636531646749
 5.201843267965149
 5.1992323212418956
 5.1966307789980632
 5.1940386073592606
 5.1914557725731099
 5.1888822410088018
 5.1863179791566765
 5.1837629536277587
 5.1812171311533488
 5.1786804785845764
 5.176152962891968
 5.1736345511650237
 5.1711252106117804
 5.1686249085584048
 5.1661336124487311
 5.1636512898438758
 5.1611779084217879
 5.1587134359768516
 5.1562578404194319
 5.1538110897755054
 5.1513731521861974
 5.1489439959073939
 5.1465235893093233
 5.1441119008761413
 5.141708899205514
 5.1393145530082354
 5.1369288311077792
 5.1345517024399303
 5.1321831360523635
 5.129823101104237
 5.1274715668657951
 5.1251285027179829
 5.1227938781520095
 5.1204676627689931
 5.1181498262795433
 5.1158403385033688
 5.1135391693688836
 5.1112462889128256
 5.108961667279849
 5.1066852747221523
 5.1044170815990757
 5.1021570583767346
 5.0999051756276188
 5.0976614040302088
 5.0954257143686101
 5.0931980775321506
 5.0909784645150227
 5.0887668464158882
 5.0865631944375194
 5.0843674798863985
 5.0821796741723846
 5.079999748808298
 5.0778276754095693
 5.0756634256938717
 5.0735069714807564
 5.0713582846912661
 5.0692173373475988
 5.0670841015727026
 5.0649585495899698
 5.0628406537228088
 5.0607303863943445
 5.05862772012701
 5.0565326275422322
 5.0544450813600337
 5.0523650543987193
 5.0502925195744792
 5.0482274499010744
 5.0461698184894574
 5.0441195985474421
 5.0420767633793409
 5.0400412863856259
 5.0380131410625761
 5.0359923010019392
 5.0339787398905766
 5.0319724315101437
 5.0299733497367072
 5.0279814685404585
 5.0259967619853221
 5.0240192042286695
 5.0220487695209277
 5.0200854322052963
 5.018129166717368
 5.0161799475848357
 5.0142377494271306
 5.0123025469551052
 5.0103743149707061
 5.0084530283666391
 5.0065386621260464
 5.0046311913221766
 5.0027305911180591
 5.0008368367661999
 4.9989499036082261
 4.9970697670745947
 4.9951964026842548
 4.9933297860443409
 4.9914698928498469
 4.9896166988833022
 4.9877701800144809
 4.985930312200062
 4.9840970714833333
 4.9822704339938717
 4.9804503759472345
 4.9786368736446498
 4.976829903472697
 4.9750294419030308
 4.9732354654920341
 4.9714479508805409
 4.9696668747935204
 4.9678922140397841
 4.9661239455116668
 4.9643620461847453
 4.9626064931175193
 4.9608572634511328
 4.9591143344090529
 4.9573776832968051
 4.9556472875016402
 4.9539231244922686
 4.9522051718185605
 4.9504934071112379
 4.9487878080816081
 4.9470883525212557
 4.9453950183017579
 4.943707783374399
 4.9420266257698744
 4.9403515235980304
 4.9386824550475366
 4.9370193983856439
 4.9353623319578697
 4.9337112341877418
 4.9320660835765002
 4.9304268587028162
 4.928793538222533
 4.927166100868364
 4.925544525449622
 4.9239287908519618
 4.9223188760370817
 4.9207147600424497
 4.9191164219810695
 4.9175238410411408
 4.9159369964858515
 4.9143558676530752
 4.9127804339551124
 4.9112106748784097
 4.9096465699833143
 4.9080880989037867
 4.9065352413471492
 4.9049879770938132
 4.9034462859970329
 4.9019101479826093
 4.9003795430486683
 4.8988544512653673
 4.8973348527746561
 4.8958207277900145
 4.8943120565961902
 4.8928088195489456
 4.8913109970747897
 4.8898185696707479
 4.8883315179040894
 4.8868498224120813
 4.8853734639017237
 4.8839024231495207
 4.8824366810012219
 4.8809762183715488
 4.8795210162439879
 4.8780710556705102
 4.8766263177713407
 4.8751867837347103
 4.8737524348166099
 4.8723232523405358
 4.8708992176972616
 4.8694803123445931
 4.8680665178071214
 4.8666578156759872
 4.8652541876086319
 4.8638556153285721
 4.8624620806251579
 4.8610735653533244
 4.8596900514333718
 4.8583115208507159
 4.8569379556556651
 4.8555693379631792
 4.8542056499526396
 4.8528468738676169
 4.851492992015638
 4.8501439867679608
 4.8487998405593355
 4.8474605358877865
 4.8461260553143699
 4.8447963814629693
 4.8434714970200448
 4.8421513847344251
 4.8408360274170805
 4.8395254079408812
 4.838219509240405
 4.8369183143116796
 4.835621806212
 4.8343299680596772
 4.8330427830338252
 4.8317602343741521
 4.8304823053807446
 4.8292089794138162
 4.8279402398935432
 4.8266760702997979
 4.8254164541719788
 4.8241613751087611
 4.8229108167678998
 4.8216647628660132
 4.8204231971783678
 4.819186103538688
 4.8179534658389027
 4.8167252680289776
 4.8155014941166847
 4.8142821281674033
 4.8130671543039014
 4.8118565567061395
 4.8106503196110673
 4.809448427312395
 4.8082508641604234
 4.8070576145618187
 4.8058686629794058
 4.8046839939319765
 4.8035035919940903
 4.8023274417958639
 4.8011555280227798
 4.7999878354154761
 4.7988243487695552
 4.7976650529353897
 4.7965099328179166
 4.795358973376449
 4.7942121596244656
 4.7930694766294364
 4.7919309095126099
 4.790796443448837
 4.7896660636663571
 4.7885397554466156
 4.7874175041240843
 4.7862992950860557
 4.7851851137724486
 4.784074945675636
 4.7829687763402404
 4.7818665913629523
 4.7807683763923547
 4.7796741171286943
 4.7785837993237568
 4.7774974087806354
 4.7764149313535533
 4.7753363529476909
 4.7742616595190039
 4.7731908370740328
 4.7721238716697059
 4.7710607494131976
 4.7700014564617037
 4.768945979022285
 4.7678943033516976
 4.7668464157561843
 4.7658023025913172
 4.7647619502618124
 4.7637253452213626
 4.7626924739724474
 4.7616633230661662
 4.7606378791020525
 4.7596161287279255
 4.7585980586396817
 4.7575836555811417
 4.7565729063438749
 4.7555657977670389
 4.7545623167371742
 4.7535624501880651
 4.7525661851005685
 4.7515735085024238
 4.7505844074681018
 4.7495988691186186
 4.7486168806214
 4.7476384291900748
 4.7466635020843473
 4.745692086609786
 4.7447241701177063
 4.7437597400049745
 4.7427987837138499
 4.7418412887318304
 4.7408872425914845
 4.739936632870271
 4.7389894471904217
 4.7380456732187293
 4.7371052986664157
 4.7361683112889708
 4.7352346988859875
 4.734304449301006
 4.7333775504213396
 4.7324539901779534
 4.7315337565452582
 4.7306168375410111
 4.7297032212260977
 4.7287928957044274
 4.7278858491227496
 4.7269820696705178
 4.7260815455797163
 4.7251842651247236
 4.7242902166221414
 4.7233993884306793
 4.7225117689509455
 4.7216273466253593
 4.7207461099379504
 4.7198680474142316
 4.7189931476210534
 4.7181213991664395
 4.7172527906994501
 4.7163873109100374
 4.7155249485288735
 4.7146656923272463
 4.7138095311168646
 4.7129564537497597
 4.7121064491180951
 4.7112595061540672
 4.7104156138297144
 4.7095747611568166
 4.7087369371867229
 4.7079021310102176
 4.7070703317573797
 4.7062415285974541
 4.7054157107386763
 4.7045928674281754
 4.7037729879517887
 4.7029560616339632
 4.7021420778375882
 4.7013310259638761
 4.700522895452206
 4.6997176757800041
 4.6989153564625923
 4.6981159270530615
 4.6973193771421275
 4.6965256963580089
 4.6957348743662655
 4.694946900869704
 4.6941617656082011
 4.6933794583586002
 4.6925999689345677
 4.6918232871864562
 4.6910494030011796
 4.6902783063020772
 4.6895099870487904
 4.6887444352371102
 4.6879816408988804
 4.6872215941018336
 4.6864642849494915
 4.6857097035810078
 4.6849578401710685
 4.6842086849297431
 4.6834622281023632
 4.6827184599694034
 4.6819773708463295
 4.6812389510835137
 4.6805031910660677
 4.6797700812137455
 4.6790396119808015
 4.6783117738558841
 4.6775865573618853
 4.6768639530558502
 4.6761439515288243
 4.675426543405746
 4.6747117193453276
 4.6739994700399219
 4.6732897862154132
 4.672582658631085
 4.6718780780795042
 4.6711760353864138
 4.6704765214105866
 4.6697795270437323
 4.6690850432103668
 4.6683930608676869
 4.6677035710054753
 4.667016564645956
 4.666332032843699
 4.6656499666854874
 4.6649703572902173
 4.664293195808769
 4.6636184734239006
 4.6629461813501241
 4.6622763108336001
 4.6616088531520186
 4.6609437996144862
 4.6602811415614189
 4.6596208703644146
 4.6589629774261585
 4.6583074541803038
 4.6576542920913484
 4.6570034826545443
 4.6563550173957706
 4.6557088878714383
 4.655065085668368
 4.6544236024036776
 4.6537844297246851
 4.6531475593088016
 4.6525129828634002
 4.6518806921257321
 4.6512506788628167
 4.6506229348713148
 4.649997451977443
 4.6493742220368599
 4.6487532369345521
 4.6481344885847546
 4.6475179689308002
 4.646903669945063
 4.6462915836288179
 4.6456817020121655
 4.6450740171538962
 4.6444685211414223
 4.6438652060906387
 4.6432640641458542
 4.6426650874796627
 4.6420682682928565
 4.6414735988143185
 4.6408810713009228
 4.6402906780374389
 4.6397024113364207
 4.6391162635381065
 4.6385322270103391
 4.637950294148439
 4.6373704573751269
 4.6367927091404058
 4.6362170419214861
 4.6356434482226687
 4.635071920575256
 4.6345024515374424
 4.6339350336942422
 4.633369659657367
 4.6328063220651474
 4.6322450135824189
 4.6316857269004608
 4.6311284547368494
 4.6305731898354159
 4.6300199249661107
 4.6294686529249383
 4.6289193665338413
 4.6283720586406316
 4.6278267221188649
 4.6272833498677794
 4.6267419348121832
 4.6262024699023758
 4.6256649481140384
 4.6251293624481633
 4.6245957059309495
 4.6240639716137135
 4.6235341525728018
 4.6230062419095006
 4.6224802327499459
 4.6219561182450262
 4.6214338915703062
 4.6209135459259318
 4.6203950745365407
 4.6198784706511731
 4.6193637275431856
 4.6188508385101708
 4.6183397968738555
 4.6178305959800223
 4.6173232291984192
 4.6168176899226845
 4.616313971570249
 4.6158120675822518
 4.6153119714234521
 4.6148136765821564
 4.6143171765701245
 4.6138224649224782
 4.6133295351976393
 4.612838380977224
 4.6123489958659709
 4.611861373491644
 4.6113755075049658
 4.6108913915795355
 4.6104090194117306
 4.6099283847206358
 4.6094494812479612
 4.6089723027579623
 4.6084968430373419
 4.608023095895196
 4.6075510551629204
 4.6070807146941206
 4.606612068364548
 4.6061451100720046
 4.6056798337362848
 4.6052162332990765
 4.6047543027238893
 4.6042940359959754
 4.603835427122255
 4.6033784701312319
 4.6029231590729207
 4.6024694880187642
 4.602017451061565
 4.6015670423153958
 4.6011182559155417
 4.6006710860183997
 4.6002255268014203
 4.5997815724630327
 4.5993392172225436
 4.598898455320108
 4.5984592810166074
 4.5980216885936036
 4.5975856723532544
 4.5971512266182426
 4.5967183457316949
 4.5962870240571183
 4.5958572559783226
 4.5954290358993495
 4.5950023582443835
 4.5945772174577106
 4.5941536080036149
 4.5937315243663308
 4.5933109610499487
 4.5928919125783594
 4.5924743734951807
 4.5920583383636862
 4.5916438017667254
 4.5912307583066667
 4.590819202605311
 4.5904091293038425
 4.590000533062744
 4.5895934085617238
 4.5891877504996632
 4.5887835535945261
 4.5883808125833205
 4.5879795222219979
 4.5875796772853921
 4.5871812725671797
 4.586784302879761
 4.5863887630542566
 4.5859946479403764
 4.5856019524063942
 4.5852106713390572
 4.5848207996435493
 4.5844323322433853
 4.584045264080383
 4.5836595901145589
 4.5832753053241113
 4.5828924047052961
 4.5825108832724162
 4.5821307360577244
 4.5817519581113553
 4.5813745445012932
 4.580998490313271
 4.5806237906507361
 4.5802504406347611
 4.5798784354039972
 4.5795077701146054
 4.5791384399401975
 4.5787704400717635
 4.5784037657176189
 4.5780384121033366
 4.5776743744716901
 4.5773116480825822
 4.5769502282129944
 4.5765901101569204
 4.5762312892253103
 4.5758737607459805
 4.5755175200636025
 4.5751625625396022
 4.5748088835521212
 4.5744564784959412
 4.5741053427824401
 4.5737554718395117
 4.5734068611115273
 4.5730595060592689
 4.5727134021598683
 4.5723685449067322
 4.5720249298095226
 4.5716825523940701
 4.571341408202299
 4.5710014927922309
 4.5706628017378481
 4.5703253306290943
 4.5699890750718026
 4.5696540306876221
 4.5693201931139784
 4.5689875580040127
 4.5686561210265157
 4.568325877865882
 4.5679968242220559
 4.5676689558104693
 4.5673422683619727
 4.5670167576228176
 4.5666924193545606
 4.5663692493340253
 4.5660472433532595
 4.5657263972194491
 4.5654067067548967
 4.565088167796949
 4.5647707761979479
 4.5644545278251707
 4.5641394185607762
 4.5638254443017754
 4.5635126009599309
 4.5632008844617475
 4.5628902907484079
 4.5625808157756955
 4.5622724555139706
 4.5619652059481242
 4.5616590630774745
 4.5613540229157836
 4.5610500814911497
 4.5607472348459881
 4.5604454790369626
 4.5601448101349442
 4.5598452242249659
 4.5595467174061461
 4.5592492857916582
 4.55895292550868
 4.5586576326983419
 4.5583634035156626
 4.5580702341295227
 4.5577781207225918
 4.5574870594912928
 4.5571970466457552
 4.5569080784097524
 4.5566201510206534
 4.5563332607293985
 4.5560474038004184
 4.5557625765115928
 4.5554787751542314
 4.5551959960329782
 4.5549142354658017
 4.5546334897839253
 4.554353755331797
 4.5540750284670208
 4.5537973055603267
 4.553520582995513
 4.5532448571694122
 4.5529701244918224
 4.5526963813854842
 4.5524236242860177
 4.5521518496418825
 4.5518810539143324
 4.5516112335773631
 4.5513423851176782
 4.5510745050346326
 4.5508075898401792
 4.5505416360588606
 4.5502766402277111
 4.5500125988962532
 4.5497495086264346
 4.5494873659925847
 4.549226167581371
 4.5489659099917628
 4.5487065898349757
 4.5484482037344254
 4.5481907483256956
 4.5479342202564954
 4.5476786161865972
 4.5474239327878054
 4.5471701667439195
 4.5469173147506776
 4.546665373515725
 4.5464143397585577
 4.5461642102105015
 4.5459149816146418
 4.5456666507257992
 4.545419214310491
 4.5451726691468677
 4.5449270120246972
 4.5446822397453053
 4.5444383491215374
 4.5441953369777215
 4.5439532001496259
 4.5437119354844064
 4.5434715398405912
 4.5432320100880101
 4.5429933431077769
 4.5427555357922333
 4.542518585044915
 4.5422824877805166
 4.5420472409248349
 4.541812841414762
 4.5415792861981865
 4.5413465722340263
 4.5411146964921327
 4.5408836559532846
 4.5406534476091247
 4.5404240684621291
 4.5401955155255891
 4.5399677858235403
 4.5397408763907316
 4.5395147842726029
 4.5392895065252361
 4.5390650402153199
 4.5388413824200979
 4.5386185302273443
 4.5383964807353268
 4.5381752310527661
 4.5379547782987979
 4.5377351196029219
 4.5375162521049948
 4.5372981729551665
 4.5370808793138462
 4.5368643683516847
 4.5366486372495185
 4.536433683198327
 4.5362195033992236
 4.5360060950633976
 4.5357934554120822
 4.5355815816765181
 4.5353704710979246
 4.5351601209274515
 4.5349505284261511
 4.5347416908649496
 4.5345336055245822
 4.5343262696956126
 4.5341196806783284
 4.533913835782764
 4.5337087323286349
 4.5335043676453077
 4.5333007390717812
 4.5330978439566261
 4.53289567965796
 4.5326942435434372
 4.5324935329901717
 4.5322935453847331
 4.5320942781231119
 4.5318957286106665
 4.5316978942621127
 4.5315007725014587
 4.5313043607620154
 4.5311086564863192
 4.5309136571261313
 4.530719360142383
 4.5305257630051603
 4.5303328631936521
 4.5301406581961334
 4.5299491455099243
 4.5297583226413582
 4.5295681871057543
 4.5293787364273754
 4.5291899681394101
 4.5290018797839195
 4.5288144689118335
 4.5286277330828906
 4.5284416698656296
 4.5282562768373422
 4.5280715515840404
 4.5278874917004437
 4.5277040947899216
 4.5275213584644902
 4.527339280344755
 4.5271578580599021
 4.5269770892476524
 4.5267969715542256
 4.5266175026343385
 4.5264386801511458
 4.526260501776215
 4.5260829651895129
 4.5259060680793466
 4.5257298081423638
 4.5255541830835027
 4.5253791906159684
 4.5252048284612032
 4.525031094348857
 4.5248579860167562
 4.5246855012108815
 4.5245136376853194
 4.5243423932022573
 4.5241717655319462
 4.5240017524526532
 4.5238323517506611
 4.5236635612202232
 4.5234953786635321
 4.5233278018907042
 4.5231608287197425
 4.5229944569765088
 4.5228286844946934
 4.522663509115791
 4.5224989286890702
 4.5223349410715468
 4.5221715441279597
 4.5220087357307355
 4.5218465137599582
 4.5216848761033592
 4.5215238206562729
 4.5213633453216131
 4.5212034480098477
 4.521044126638972
 4.520885379134481
 4.5207272034293355
 4.5205695974639548
 4.5204125591861652
 4.5202560865511892
 4.5201001775216154
 4.5199448300673701
 4.5197900421656891
 4.5196358118010975
 4.5194821369653786
 4.5193290156575463
 4.5191764458838302
 4.5190244256576353
 4.5188729529995211
 4.5187220259371852
 4.518571642505413
 4.5184218007460863
 4.5182724987081224
 4.5181237344474905
 4.5179755060271418
 4.5178278115170007
 4.5176806489939683
 4.5175340165418509
 4.51738791225136
 4.5172423342200947
 4.5170972805524983
 4.5169527493598371
 4.5168087387601954
 4.5166652468784241
 4.5165222718461262
 4.5163798118016425
 4.5162378648900221
 4.5160964292629853
 4.5159555030789136
 4.5158150845028233
 4.5156751717063432
 4.5155357628676782
 4.5153968561716065
 4.5152584498094388
 4.5151205419789981
 4.514983130884608
 4.5148462147370516
 4.5147097917535506
 4.5145738601577632
 4.5144384181797443
 4.514303464055911
 4.5141689960290456
 4.5140350123482547
 4.5139015112689425
 4.5137684910528231
 4.5136359499678411
 4.5135038862881975
 4.5133722982943079
 4.5132411842727764
 4.5131105425163884
 4.5129803713240655
 4.5128506690008603
 4.5127214338579451
 4.5125926642125549
 4.5124643583879989
 4.5123365147136134
 4.5122091315247665
 4.5120822071628206
 4.511955739975094
 4.5118297283148792
 4.5117041705413925
 4.5115790650197694
 4.5114544101210061
 4.5113302042219949
 4.5112064457054668
 4.5110831329599739
 4.5109602643798707
 4.5108378383653074
 4.5107158533221776
 4.5105943076621404
 4.5104731998025516
 4.5103525281664858
 4.5102322911826898
 4.5101124872855678
 4.5099931149151713
 4.5098741725171614
 4.5097556585428071
 4.5096375714489501
 4.5095199096979899
 4.5094026717578677
 4.5092858561020384
 4.5091694612094617
 4.5090534855645679
 4.5089379276572581
 4.5088227859828578
 4.5087080590421236
 4.5085937453412157
 4.5084798433916546
 4.5083663517103467
 4.5082532688195238
 4.5081405932467487
 4.5080283235248846
 4.5079164581920752
 4.5078049957917434
 4.5076939348725471
 4.5075832739883666
 4.5074730116983082
 4.5073631465666555
 4.5072536771628684
 4.507144602061552
 4.5070359198424583
 4.5069276290904474
 4.5068197283954703
 4.5067122163525735
 4.5066050915618527
 4.5064983526284452
 4.5063919981625142
 4.5062860267792306
 4.5061804370987568
 4.5060752277462202
 4.5059703973516951
 4.5058659445502052
 4.5057618679816764
 4.5056581662909405
 4.505554838127714
 4.5054518821465646
 4.5053492970069193
 4.5052470813730263
 4.5051452339139511
 4.5050437533035419
 4.5049426382204354
 4.5048418873480252
 4.5047414993744406
 4.5046414729925459
 4.504541806899903
 4.5044424997987775
 4.5043435503960989
 4.5042449574034586
 4.5041467195370837
 4.5040488355178407
 4.5039513040711849
 4.5038541239271686
 4.5037572938204224
 4.5036608124901338
 4.5035646786800312
 4.5034688911383665
 4.5033734486178947
 4.5032783498758739
 4.5031835936740361
 4.5030891787785672
 4.5029951039601066
 4.5029013679937062
 4.5028079696588534
 4.5027149077394117
 4.5026221810236322
 4.5025297883041322
 4.5024377283778758
 4.5023460000461615
 4.5022546021146015
 4.502163533393122
 4.5020727926959179
 4.5019823788414683
 4.5018922906525081
 4.5018025269560011
 4.5017130865831563
 4.5016239683693664
 4.5015351711542415
 4.501446693781558
 4.5013585350992731
 4.5012706939594658
 4.5011831692183746
 4.5010959597363538
 4.5010090643778522
 4.500922482011422
 4.5008362115096725
 4.5007502517492997
 4.5006646016110148
 4.50057925997959
 4.5004942257437923
 4.5004094977964115
 4.5003250750342048
 4.5002409563579118
 4.5001571406722398
 4.5000736268858308
 4.4999904139112612
 4.4999075006650218
 4.4998248860675121
 4.4997425690430184
 4.4996605485196932
 4.4995788234295553
 4.499497392708478
 4.4994162552961612
 4.4993354101361209
 4.4992548561756811
 4.4991745923659607
 4.4990946176618456
 4.4990149310220016
 4.4989355314088364
 4.4988564177884989
 4.4987775891308521
 4.4986990444094834
 4.4986207826016615
 4.4985428026883625
 4.4984651036542092
 4.4983876844874944
 4.4983105441801499
 4.4982336817277382
 4.4981570961294439
 4.4980807863880594
 4.4980047515099546
 4.4979289905050965
 4.4978535023870023
 4.4977782861727542
 4.4977033408829721
 4.4976286655417992
 4.4975542591768916
 4.4974801208194197
 4.4974062495040332
 4.4973326442688588
 4.4972593041554942
 4.4971862282089869
 4.4971134154778198
 4.4970408650139095
 4.4969685758725868
 4.496896547112577
 4.4968247777960002
 4.4967532669883665
 4.4966820137585319
 4.4966110171787186
 4.4965402763244873
 4.4964697902747313
 4.4963995581116638
 4.4963295789207898
 4.4962598517909225
 4.4961903758141553
 4.4961211500858429
 4.4960521737046166
 4.4959834457723282
 4.4959149653940891
 4.4958467316782196
 4.4957787437362571
 4.4957110006829373
 4.4956435016361826
 4.4955762457171051
 4.4955092320499661
 4.4954424597621854
 4.4953759279843366
 4.4953096358501092
 4.4952435824963235
 4.4951777670629065
 4.4951121886928833
 4.4950468465323645
 4.4949817397305347
 4.4949168674396507
 4.4948522288150112
 4.4947878230149723
 4.4947236492009042
 4.4946597065372131
 4.4945959941913074
 4.494532511333591
 4.49446925713747
 4.4944062307793073
 4.4943434314384545
 4.4942808582972011
 4.4942185105407875
 4.4941563873574024
 4.4940944879381322
 4.4940328114770036
 4.4939713571709241
 4.4939101242197124
 4.4938491118260542
 4.4937883191955201
 4.4937277455365283
 4.4936673900603594
 4.4936072519811407
 4.4935473305158089
 4.4934876248841373
 4.4934281343087052
 4.4933688580148896
 4.493309795230866
 4.4932509451875822
 4.4931923071187585
 4.4931338802608751
 4.4930756638531593
 4.4930176571375888
 4.4929598593588587
 4.492902269764393
 4.4928448876043188
 4.4927877121314763
 4.4927307426013892
 4.4926739782722596
 4.4926174184049676
 4.492561062263051
 4.4925049091127143
 4.4924489582227762
 4.4923932088647192
 4.4923376603126286
 4.4922823118432227
 4.4922271627358032
 4.4921722122722922
 4.4921174597371722
 4.4920629044175291
 4.4920085456029986
 4.4919543825857806
 4.4919004146606261
 4.4918466411248206
 4.4917930612781873
 4.4917396744230729
 4.4916864798643319
 4.4916334769093167
 4.4915806648678887
 4.4915280430523872
 4.4914756107776244
 4.4914233673608948
 4.4913713121219319
 4.4913194443829401
 4.4912677634685458
 4.4912162687058297
 4.4911649594242702
 4.4911138349557849
 4.4910628946346884
 4.4910121377976822
 4.4909615637838778
 4.4909111719347523
 4.4908609615941621
 4.4908109321083165
 4.4907610828257916
 4.4907114130975065
 4.4906619222767139
 4.4906126097190082
 4.4905634747822862
 4.4905145168267717
 4.4904657352149879
 4.4904171293117487
 4.4903686984841764
 4.4903204421016447
 4.4902723595358198
 4.490224450160623
 4.4901767133522297
 4.4901291484890669
 4.4900817549517917
 4.4900345321233051
 4.4899874793887244
 4.4899405961353756
 4.4898938817528018
 4.4898473356327351
 4.4898009571691082
 4.4897547457580309
 4.4897087007977925
 4.4896628216888406
 4.489617107833789
 4.4895715586374081
 4.4895261735066043
 4.4894809518504211
 4.4894358930800369
 4.4893909966087406
 4.4893462618519404
 4.4893016882271599
 4.4892572751539968
 4.4892130220541597
 4.4891689283514413
 4.4891249934716901
 4.4890812168428438
 4.4890375978948844
 4.4889941360598584
 4.4889508307718584
 4.4889076814670039
 4.4888646875834564
 4.4888218485613933
 4.488779163843021
 4.4887366328725369
 4.4886942550961519
 4.4886520299620791
 4.4886099569204978
 4.4885680354235822
 4.48852626492548
 4.4884846448823064
 4.4884431747521205
 4.4884018539949553
 4.4883606820727691
 4.4883196584494716
 4.4882787825908999
 4.4882380539648086
 4.4881974720408833
 4.4881570362906995
 4.4881167461877594
 4.4880766012074416
 4.4880366008270283
 4.487996744525673
 4.4879570317844184
 4.4879174620861662
 4.487878034915683
 4.487838749759594
 4.4877996061063667
 4.4877606034463229
 4.4877217412716108
 4.4876830190762043
 4.4876444363559136
 4.4876059926083549
 4.4875676873329553
 4.4875295200309502
 4.4874914902053584
 4.4874535973610099
 4.4874158410044984
 4.4873782206441994
 4.4873407357902719
 4.4873033859546254
 4.4872661706509298
 4.4872290893946118
 4.4871921417028373
 4.4871553270945199
 4.4871186450902929
 4.4870820952125285
 4.4870456769853178
 4.4870093899344559
 4.4869732335874604
 4.4869372074735381
 4.4869013111235994
 4.486865544070243
 4.486829905847749
 4.4867943959920753
 4.4867590140408531
 4.4867237595333753
 4.4866886320105968
 4.4866536310151321
 4.4866187560912323
 4.4865840067847991
 4.486549382643358
 4.4865148832160759
 4.4864805080537415
 4.4864462567087582
 4.4864121287351422
 4.4863781236885174
 4.4863442411261101
 4.4863104806067335
 4.4862768416908034
 4.4862433239403048
 4.4862099269188116
 4.4861766501914637
 4.4861434933249607
 4.4861104558875811
 4.4860775374491437
 4.4860447375810244
 4.4860120558561354
 4.4859794918489326
 4.4859470451354078
 4.4859147152930685
 4.4858825019009574
 4.485850404539625
 4.4858184227911364
 4.485786556239062
 4.4857548044684679
 4.4857231670659168
 4.4856916436194654
 4.4856602337186526
 4.4856289369544839
 4.4855977529194551
 4.4855666812075246
 4.4855357214141058
 4.4855048731360725
 4.4854741359717583
 4.4854435095209375
 4.485412993384827
 4.4853825871660735
 4.4853522904687706
 4.4853221028984169
 4.4852920240619527
 4.4852620535677223
 4.4852321910254789
 4.4852024360463956
 4.4851727882430232
 4.4851432472293329
 4.4851138126206651
 4.4850844840337611
 4.4850552610867336
 4.4850261433990735
 4.4849971305916458
 4.4849682222866791
 4.4849394181077535
 4.4849107176798233
 4.484882120629174
 4.484853626583452
 4.4848252351716393
 4.4847969460240522
 4.4847687587723408
 4.484740673049485
 4.4847126884897817
 4.4846848047288486
 4.4846570214036179
 4.4846293381523141
 4.4846017546144843
 4.4845742704309677
 4.4845468852438968
 4.4845195986966848
 4.4844924104340418
 4.4844653201019531
 4.4844383273476778
 4.4844114318197459
 4.4843846331679522
 4.4843579310433563
 4.4843313250982728
 4.4843048149862668
 4.4842784003621539
 4.4842520808819941
 4.4842258562030812
 4.4841997259839506
 4.4841736898843614
 4.4841477475652969
 4.4841218986889704
 4.4840961429188075
 4.4840704799194384
 4.4840449093567178
 4.4840194308976837
 4.4839940442105899
 4.4839687489648776
 4.483943544831182
 4.4839184314813183
 4.4838934085882922
 4.4838684758262817
 4.4838436328706468
 4.4838188793979006
 4.4837942150857346
 4.4837696396129996
 4.4837451526596972
 4.4837207539069892
 4.4836964430371777
 4.4836722197337195
 4.4836480836812003
 4.4836240345653495
 4.4836000720730222
 4.4835761958922182
 4.4835524057120333
 4.4835287012227072
 4.4835050821155855
 4.4834815480831196
 4.483458098818879
 4.4834347340175436
 4.4834114533748686
 4.483388256587725


# name: X
# type: matrix
# rows: 97
# columns: 2
 1 6.1101000000000001
 1 5.5277000000000003
 1 8.5185999999999993
 1 7.0031999999999996
 1 5.8597999999999999
 1 8.3828999999999994
 1 7.4763999999999999
 1 8.5780999999999992
 1 6.4862000000000002
 1 5.0545999999999998
 1 5.7107000000000001
 1 14.164
 1 5.734
 1 8.4084000000000003
 1 5.6406999999999998
 1 5.3794000000000004
 1 6.3654000000000002
 1 5.1300999999999997
 1 6.4295999999999998
 1 7.0708000000000002
 1 6.1890999999999998
 1 20.27
 1 5.4901
 1 6.3261000000000003
 1 5.5648999999999997
 1 18.945
 1 12.827999999999999
 1 10.957000000000001
 1 13.176
 1 22.202999999999999
 1 5.2523999999999997
 1 6.5894000000000004
 1 9.2482000000000006
 1 5.8917999999999999
 1 8.2111000000000001
 1 7.9333999999999998
 1 8.0959000000000003
 1 5.6063000000000001
 1 12.836
 1 6.3533999999999997
 1 5.4069000000000003
 1 6.8825000000000003
 1 11.708
 1 5.7736999999999998
 1 7.8247
 1 7.0930999999999997
 1 5.0701999999999998
 1 5.8014000000000001
 1 11.699999999999999
 1 5.5415999999999999
 1 7.5401999999999996
 1 5.3076999999999996
 1 7.4238999999999997
 1 7.6031000000000004
 1 6.3327999999999998
 1 6.3589000000000002
 1 6.2742000000000004
 1 5.6397000000000004
 1 9.3102
 1 9.4535999999999998
 1 8.8254000000000001
 1 5.1792999999999996
 1 21.279
 1 14.907999999999999
 1 18.959
 1 7.2182000000000004
 1 8.2950999999999997
 1 10.236000000000001
 1 5.4993999999999996
 1 20.341000000000001
 1 10.135999999999999
 1 7.3345000000000002
 1 6.0061999999999998
 1 7.2259000000000002
 1 5.0269000000000004
 1 6.5479000000000003
 1 7.5385999999999997
 1 5.0365000000000002
 1 10.273999999999999
 1 5.1077000000000004
 1 5.7291999999999996
 1 5.1883999999999997
 1 6.3556999999999997
 1 9.7687000000000008
 1 6.5159000000000002
 1 8.5172000000000008
 1 9.1801999999999992
 1 6.0019999999999998
 1 5.5204000000000004
 1 5.0594000000000001
 1 5.7077
 1 7.6365999999999996
 1 5.8707000000000003
 1 5.3053999999999997
 1 8.2934000000000001
 1 13.394
 1 5.4368999999999996


# name: alpha
# type: scalar
0.01


# name: data
# type: matrix
# rows: 97
# columns: 2
 6.1101000000000001 17.591999999999999
 5.5277000000000003 9.1302000000000003
 8.5185999999999993 13.662000000000001
 7.0031999999999996 11.853999999999999
 5.8597999999999999 6.8232999999999997
 8.3828999999999994 11.885999999999999
 7.4763999999999999 4.3483000000000001
 8.5780999999999992 12
 6.4862000000000002 6.5987
 5.0545999999999998 3.8166000000000002
 5.7107000000000001 3.2522000000000002
 14.164 15.505000000000001
 5.734 3.1551
 8.4084000000000003 7.2257999999999996
 5.6406999999999998 0.71618000000000004
 5.3794000000000004 3.5129000000000001
 6.3654000000000002 5.3048000000000002
 5.1300999999999997 0.56076999999999999
 6.4295999999999998 3.6518000000000002
 7.0708000000000002 5.3893000000000004
 6.1890999999999998 3.1385999999999998
 20.27 21.766999999999999
 5.4901 4.2629999999999999
 6.3261000000000003 5.1875
 5.5648999999999997 3.0825
 18.945 22.638000000000002
 12.827999999999999 13.500999999999999
 10.957000000000001 7.0467000000000004
 13.176 14.692
 22.202999999999999 24.146999999999998
 5.2523999999999997 -1.22
 6.5894000000000004 5.9965999999999999
 9.2482000000000006 12.134
 5.8917999999999999 1.8494999999999999
 8.2111000000000001 6.5426000000000002
 7.9333999999999998 4.5622999999999996
 8.0959000000000003 4.1163999999999996
 5.6063000000000001 3.3927999999999998
 12.836 10.117000000000001
 6.3533999999999997 5.4973999999999998
 5.4069000000000003 0.55657000000000001
 6.8825000000000003 3.9115000000000002
 11.708 5.3853999999999997
 5.7736999999999998 2.4405999999999999
 7.8247 6.7317999999999998
 7.0930999999999997 1.0463
 5.0701999999999998 5.1337000000000002
 5.8014000000000001 1.8440000000000001
 11.699999999999999 8.0043000000000006
 5.5415999999999999 1.0179
 7.5401999999999996 6.7504
 5.3076999999999996 1.8395999999999999
 7.4238999999999997 4.2885
 7.6031000000000004 4.9981
 6.3327999999999998 1.4233
 6.3589000000000002 -1.4211
 6.2742000000000004 2.4756
 5.6397000000000004 4.6041999999999996
 9.3102 3.9624000000000001
 9.4535999999999998 5.4141000000000004
 8.8254000000000001 5.1694000000000004
 5.1792999999999996 -0.74278999999999995
 21.279 17.928999999999998
 14.907999999999999 12.054
 18.959 17.053999999999998
 7.2182000000000004 4.8852000000000002
 8.2950999999999997 5.7442000000000002
 10.236000000000001 7.7754000000000003
 5.4993999999999996 1.0173000000000001
 20.341000000000001 20.992000000000001
 10.135999999999999 6.6798999999999999
 7.3345000000000002 4.0259
 6.0061999999999998 1.2784
 7.2259000000000002 3.3411
 5.0269000000000004 -2.6806999999999999
 6.5479000000000003 0.29677999999999999
 7.5385999999999997 3.8845000000000001
 5.0365000000000002 5.7013999999999996
 10.273999999999999 6.7526000000000002
 5.1077000000000004 2.0575999999999999
 5.7291999999999996 0.47953000000000001
 5.1883999999999997 0.20421
 6.3556999999999997 0.67861000000000005
 9.7687000000000008 7.5434999999999999
 6.5159000000000002 5.3436000000000003
 8.5172000000000008 4.2415000000000003
 9.1801999999999992 6.7980999999999998
 6.0019999999999998 0.92695000000000005
 5.5204000000000004 0.152
 5.0594000000000001 2.8214000000000001
 5.7077 1.8451
 7.6365999999999996 4.2958999999999996
 5.8707000000000003 7.2028999999999996
 5.3053999999999997 1.9869000000000001
 8.2934000000000001 0.14454
 13.394 9.0550999999999995
 5.4368999999999996 0.61704999999999999


# name: h
# type: matrix
# rows: 97
# columns: 2
 -2.6867999999999999 3.4008621300000001
 -2.6867999999999999 2.7070490100000004
 -2.6867999999999999 6.2701081799999994
 -2.6867999999999999 4.4648121599999993
 -2.6867999999999999 3.1026797400000001
 -2.6867999999999999 6.108448769999999
 -2.6867999999999999 5.0285353199999996
 -2.6867999999999999 6.3409905299999991
 -2.6867999999999999 3.8489100600000006
 -2.6867999999999999 2.1434449799999999
 -2.6867999999999999 2.9250569100000003
 -2.6867999999999999 12.995473199999999
 -2.6867999999999999 2.9528142000000006
 -2.6867999999999999 6.1388269200000014
 -2.6867999999999999 2.8416659099999997
 -2.6867999999999999 2.5303792200000004
 -2.6867999999999999 3.7050010200000001
 -2.6867999999999999 2.2333881299999998
 -2.6867999999999999 3.7814824800000002
 -2.6867999999999999 4.5453440399999998
 -2.6867999999999999 3.4949748300000003
 -2.6867999999999999 20.269551
 -2.6867999999999999 2.6622561300000003
 -2.6867999999999999 3.6581829300000006
 -2.6867999999999999 2.7513653700000003
 -2.6867999999999999 18.6910785
 -2.6867999999999999 11.403896399999999
 -2.6867999999999999 9.1749741000000018
 -2.6867999999999999 11.8184688
 -2.6867999999999999 22.5723339
 -2.6867999999999999 2.3790841199999999
 -2.6867999999999999 3.9718522200000006
 -2.6867999999999999 7.1392806600000007
 -2.6867999999999999 3.1408013400000003
 -2.6867999999999999 5.9037834300000007
 -2.6867999999999999 5.5729594200000001
 -2.6867999999999999 5.7665456700000011
 -2.6867999999999999 2.8006851900000003
 -2.6867999999999999 11.413426800000002
 -2.6867999999999999 3.6907054199999996
 -2.6867999999999999 2.5631399700000008
 -2.6867999999999999 4.3210222500000004
 -2.6867999999999999 10.069640400000001
 -2.6867999999999999 3.0001088100000004
 -2.6867999999999999 5.44346511
 -2.6867999999999999 4.5719100299999997
 -2.6867999999999999 2.1620292599999997
 -2.6867999999999999 3.0331078200000006
 -2.6867999999999999 10.06011
 -2.6867999999999999 2.72360808
 -2.6867999999999999 5.1045402600000003
 -2.6867999999999999 2.4449630099999995
 -2.6867999999999999 4.9659920700000004
 -2.6867999999999999 5.1794730300000005
 -2.6867999999999999 3.6661646399999999
 -2.6867999999999999 3.6972575700000005
 -2.6867999999999999 3.5963544600000006
 -2.6867999999999999 2.8404746100000011
 -2.6867999999999999 7.2131412600000004
 -2.6867999999999999 7.3839736800000004
 -2.6867999999999999 6.6355990200000008
 -2.6867999999999999 2.2920000900000002
 -2.6867999999999999 21.471572699999999
 -2.6867999999999999 13.881800399999999
 -2.6867999999999999 18.707756700000001
 -2.6867999999999999 4.7209416600000011
 -2.6867999999999999 6.0038526300000008
 -2.6867999999999999 8.3160468000000005
 -2.6867999999999999 2.6733352200000002
 -2.6867999999999999 20.354133300000001
 -2.6867999999999999 8.1969168000000003
 -2.6867999999999999 4.859489850000001
 -2.6867999999999999 3.2770860600000002
 -2.6867999999999999 4.7301146700000007
 -2.6867999999999999 2.1104459700000007
 -2.6867999999999999 3.9224132700000007
 -2.6867999999999999 5.1026341800000008
 -2.6867999999999999 2.1218824500000002
 -2.6867999999999999 8.3613161999999992
 -2.6867999999999999 2.2067030100000009
 -2.6867999999999999 2.9470959599999995
 -2.6867999999999999 2.3028409199999995
 -2.6867999999999999 3.6934454099999998
 -2.6867999999999999 7.7593523100000006
 -2.6867999999999999 3.8842916700000005
 -2.6867999999999999 6.2684403600000014
 -2.6867999999999999 7.058272259999999
 -2.6867999999999999 3.2720826000000001
 -2.6867999999999999 2.6983525200000011
 -2.6867999999999999 2.1491632200000002
 -2.6867999999999999 2.9214830100000002
 -2.6867999999999999 5.2193815800000003
 -2.6867999999999999 3.1156649100000005
 -2.6867999999999999 2.4422230200000001
 -2.6867999999999999 6.0018274199999997
 -2.6867999999999999 12.078172200000001
 -2.6867999999999999 2.5988789699999995


# name: iterations
# type: scalar
1500


# name: m
# type: scalar
97


# name: num_iters
# type: scalar
1500


# name: theta
# type: matrix
# rows: 2
# columns: 1
 -3.8780999999999999
 1.1913


# name: y
# type: matrix
# rows: 97
# columns: 1
 17.591999999999999
 9.1302000000000003
 13.662000000000001
 11.853999999999999
 6.8232999999999997
 11.885999999999999
 4.3483000000000001
 12
 6.5987
 3.8166000000000002
 3.2522000000000002
 15.505000000000001
 3.1551
 7.2257999999999996
 0.71618000000000004
 3.5129000000000001
 5.3048000000000002
 0.56076999999999999
 3.6518000000000002
 5.3893000000000004
 3.1385999999999998
 21.766999999999999
 4.2629999999999999
 5.1875
 3.0825
 22.638000000000002
 13.500999999999999
 7.0467000000000004
 14.692
 24.146999999999998
 -1.22
 5.9965999999999999
 12.134
 1.8494999999999999
 6.5426000000000002
 4.5622999999999996
 4.1163999999999996
 3.3927999999999998
 10.117000000000001
 5.4973999999999998
 0.55657000000000001
 3.9115000000000002
 5.3853999999999997
 2.4405999999999999
 6.7317999999999998
 1.0463
 5.1337000000000002
 1.8440000000000001
 8.0043000000000006
 1.0179
 6.7504
 1.8395999999999999
 4.2885
 4.9981
 1.4233
 -1.4211
 2.4756
 4.6041999999999996
 3.9624000000000001
 5.4141000000000004
 5.1694000000000004
 -0.74278999999999995
 17.928999999999998
 12.054
 17.053999999999998
 4.8852000000000002
 5.7442000000000002
 7.7754000000000003
 1.0173000000000001
 20.992000000000001
 6.6798999999999999
 4.0259
 1.2784
 3.3411
 -2.6806999999999999
 0.29677999999999999
 3.8845000000000001
 5.7013999999999996
 6.7526000000000002
 2.0575999999999999
 0.47953000000000001
 0.20421
 0.67861000000000005
 7.5434999999999999
 5.3436000000000003
 4.2415000000000003
 6.7980999999999998
 0.92695000000000005
 0.152
 2.8214000000000001
 1.8451
 4.2958999999999996
 7.2028999999999996
 1.9869000000000001
 0.14454
 9.0550999999999995
 0.61704999999999999


